LegalEntityId
2
5
7
10
11
24
42
44
51
57
76
87
100
105
110
146
158
166
179
196
201
227
229
248
254
270
273
310
333
337
343
368
369
375
405
408
409
411
416
425
428
429
430
431
434
437
460
462
470
471
472
473
474
479
481
485
502
515
521
524
526
542
543
544
547
551
569
570
588
589
593
600
604
605
606
607
611
618
621
623
626
627
634
635
636
640
641
645
654
676
678
684
695
696
700
705
719
728
736
737
745
748
749
750
756
760
761
775
785
792
801
805
806
821
847
855
864
887
893
896
920
942
951
959
960
961
963
969
972
974
988
989
991
1003
1021
1026
1028
1029
1032
1041
1043
1053
1056
1062
1069
1070
1072
1079
1094
1095
1110
1115
1117
1121
1126
1127
1130
1141
1143
1146
1147
1151
1153
1154
1171
1173
1187
1195
1199
1203
1204
1214
1215
1223
1228
1235
1246
1264
1274
1276
1279
1281
1284
1287
1296
1303
1304
1308
1312
1327
1336
1337
1338
1341
1342
1344
1345
1347
1351
1361
1363
1377
1382
1383
1404
1419
1435
1455
1460
1468
1472
1473
1474
1475
1480
1493
1504
1506
1516
1518
1521
1526
1535
1544
1552
1553
1575
1586
1587
1589
1591
1594
1596
1598
1599
1604
1610
1613
1614
1616
1622
1628
1631
1633
1634
1635
1636
1639
1640
1641
1643
1648
1649
1651
1653
1655
1659
1667
1676
1679
1688
1689
1691
1694
1699
1701
1704
1707
1710
1712
1717
1718
1722
1723
1724
1725
1726
1727
1728
1730
1734
1736
1737
1738
1741
1744
1749
1753
1756
1758
1775
1776
1777
1790
1791
1792
1793
1800
1809
1810
1816
1822
1826
1828
1832
1838
1839
1841
1844
1845
1851
1854
1855
1856
1858
1860
1867
1868
1870
1872
1879
1880
1882
1888
1890
1891
1893
1897
1899
1902
1909
1910
1912
1915
1916
1917
1918
1919
1923
1925
1926
1928
1930
1931
1932
1935
1946
1947
1948
1949
1953
1954
1959
1965
1967
1972
1980
1987
1995
1997
2000
2002
2003
2004
2005
2010
2011
2013
2015
2017
2018
2019
2025
2029
2036
2046
2051
2052
2057
2058
2059
2061
2062
2066
2073
2074
2095
2096
2105
2106
2116
2121
2130
2132
2133
2134
2135
2136
2138
2140
2146
2147
2149
2151
2155
2156
2157
2158
2161
2162
2163
2165
2171
2172
2178
2185
2189
2196
2197
2199
2204
2209
2216
2224
2227
2254
2255
2256
2258
2259
2261
2262
2271
2272
2274
2279
2283
2290
2292
2294
2302
2309
2314
2316
2319
2321
2322
2323
2327
2329
2330
2332
2335
2337
2339
2346
2347
2351
2360
2366
2378
2385
2386
2387
2388
2389
2390
2398
2402
2408
2416
2421
2428
2435
2436
2441
2443
2449
2450
2451
2452
2457
2463
2469
2472
2473
2477
2488
2489
2491
2493
2500
2505
2507
2514
2522
2527
2528
2530
2533
2536
2537
2538
2539
2543
2544
2545
2546
2548
2550
2557
2558
2563
2571
2576
2578
2579
2589
2591
2593
2595
2603
2604
2606
2607
2622
2624
2625
2626
2632
2635
2637
2644
2646
2651
2654
2655
2659
2670
2674
2677
2679
2680
2684
2685
2697
2699
2700
2701
2707
2710
2711
2713
2715
2717
2718
2722
2724
2729
2733
2736
2742
2748
2750
2751
2752
2753
2758
2760
2761
2762
2764
2766
2768
2772
2783
2786
2800
2803
2846
2850
2852
2857
2873
2914
2927
2961
2979
3013
3015
3021
3027
3039
3041
3045
3048
3066
3133
3204
3210
3212
3222
3225
3227
3295
3321
3327
3331
3369
3380
3398
3407
3413
3436
3457
3477
3478
3479
3498
3528
3557
3568
3569
3570
3571
3617
3621
3683
3690
3691
3717
3724
3754
3762
3774
3779
3783
3787
3788
3791
3798
3814
3815
3820
3848
3858
3871
3884
3899
3912
3917
3921
3923
3926
3929
3935
3940
3958
3959
3966
3971
3989
3991
3994
4004
4005
4016
4018
4022
4028
4035
4037
4043
4054
4057
4058
4063
4076
4083
4091
4093
4111
4117
4124
4132
4134
4141
4142
4150
4155
4162
4163
4173
4178
4188
4191
4193
4196
4199
4200
4204
4216
4226
4230
4238
4250
4252
4253
4257
4282
4286
4295
4301
4308
4310
4316
4317
4328
4330
4331
4333
4334
4336
4339
4340
4344
4345
4346
4348
4349
4350
4351
4352
4354
4370
4373
4375
4376
4378
4388
4390
4393
4395
4398
4402
4407
4409
4414
4415
4421
4422
4431
4433
4449
4461
4462
4465
4467
4471
4473
4475
4477
4480
4482
4485
4486
4490
4494
4496
4503
4510
4512
4513
4518
4519
4522
4524
4527
4539
4541
4548
4552
4558
4559
4560
4561
4562
4563
4564
4565
4567
4569
4570
4578
4586
4598
4599
4600
4602
4605
4607
4641
4645
4650
4651
4656
4658
4659
4661
4668
4677
4682
4687
4690
4693
4694
4706
4707
4727
4728
4731
4743
4792
4793
4794
4797
4799
4803
4807
4810
4812
4814
4819
4820
4823
4827
4832
4841
4843
4846
4848
4853
4854
4857
4862
4878
4881
4899
4903
4904
4926
4927
4931
4939
4940
4945
4964
4967
4971
4972
4973
4997
5073
5074
5075
5076
5077
5078
5079
5080
5081
5097
5101
5111
5113
5114
5120
5121
5135
5136
5138
5145
5199
5200
5201
5202
5228
5229
5250
5252
5262
5264
5273
5274
5282
5296
5297
5299
5301
5304
5307
5308
5309
5316
5319
5336
5370
5399
5402
5403
5438
5439
5462
5467
5468
5473
5474
5557
5558
5564
5611
5612
5625
5635
5636
5637
5644
5646
5648
5658
5671
5707
5708
5709
5733
5750
5752
5764
5781
5787
5806
5810
5813
5819
5820
5822
5823
5890
5894
5897
5907
5908
5926
5931
5935
5937
5944
5950
5951
5953
5956
5962
5965
5969
5970
5971
6027
6030
6044
6087
6100
6119
6126
6156
6185
6191
6192
6194
6195
6198
6199
6209
6210
6214
6242
6297
6325
6352
6421
6433
6437
6448
6452
6454
6456
6460
6524
6535
6537
6539
6542
6544
6546
6550
6552
6591
6592
6593
6599
6605
6624
6649
6650
6662
6674
6681
6686
6689
6690
6704
6710
6723
6758
6769
6770
6821
6822
6825
6855
6859
6866
6871
6882
6892
6897
6900
6922
6925
6930
6940
6941
6945
6948
6958
6959
6960
6967
6969
6970
6984
6986
7054
7065
7076
7092
7095
7097
7098
7100
7104
7127
7130
7136
7162
7163
7173
7195
7285
7325
7364
7376
7399
7405
7429
7518
7529
7530
7539
7540
7541
7542
7543
7545
7547
7552
7572
7573
7574
7594
7633
7634
7636
7670
7681
7693
7697
7698
7701
7707
7708
7709
7714
7715
7718
7722
7729
7757
7759
7837
7869
7870
7880
7923
7924
7929
7930
7933
7935
7937
7938
7945
7946
7955
7956
7967
7981
7991
7994
8018
8021
8022
8023
8026
8031
8032
8033
8034
8035
8036
8037
8040
8056
8094
8106
8186
8198
8200
8202
8203
8206
8208
8210
8214
8217
8218
8219
8220
8222
8223
8224
8226
8227
8234
8244
8252
8254
8258
8260
8264
8267
8276
8278
8314
8332
8419
8425
8429
8431
8456
8505
8513
8521
8523
8524
8525
8529
8642
8644
8649
8650
8658
8662
8667
8675
8685
8687
8689
8691
8703
8707
8711
8737
8738
8739
8740
8746
8750
8752
8755
8762
8768
8800
8807
8828
8829
8875
8878
8880
8914
8922
8957
8966
8967
8968
8970
8971
8976
8977
9004
9005
9010
9012
9030
9037
9075
9078
9106
9112
9122
9123
9159
9164
9183
9290
9307
9309
9311
9333
9352
9354
9363
9382
9395
9420
9421
9427
9480
9534
9549
9624
9646
9647
9649
9686
9691
9699
9715
9731
9810
9823
9835
9846
9849
9850
9871
9873
9877
9879
9883
9885
9926
9937
9939
9940
9941
9942
9948
9955
9956
9957
9958
9959
9960
9961
9963
9983
9986
9990
9991
9992
9993
9996
10012
10013
10053
10057
10058
10243
10251
10253
10258
10332
10346
10348
10351
10352
10362
10367
10431
10447
10457
10570
10572
10577
10587
10593
10597
10607
10609
10627
10649
10650
10652
10654
10660
10665
10667
10673
10699
10709
10715
10719
10733
10757
10759
10777
10781
10790
10791
10793
10798
10805
10823
10825
10838
10841
10842
10844
10846
10849
10863
10866
10940
10956
10958
10960
10966
10968
10971
11018
11136
11256
11281
11284
11286
11287
11289
11290
11292
11299
11300
11310
11312
11315
11318
11319
11332
11343
11349
11363
11364
11366
11369
11370
11371
11372
11375
11377
11379
11382
11384
11386
11391
11392
11393
11396
11397
11399
11402
11403
11404
11405
11406
11407
11408
11410
11411
11412
11413
11415
11417
11418
11422
11424
11426
11427
11428
11438
11443
11447
11448
11449
11450
11453
11454
11461
11462
11463
11465
11469
11470
11472
11474
11476
11479
11483
11487
11494
11495
11498
11502
11504
11507
11510
11514
11515
11516
11517
11519
11520
11526
11527
11530
11531
11533
11539
11540
11545
11551
11553
11555
11559
11561
11563
11566
11569
11571
11573
11574
11576
11579
11581
11584
11595
11597
11598
11599
11607
11610
11614
11620
11621
11623
11625
11629
11630
11636
11641
11646
11649
11655
11657
11658
11659
11661
11666
11670
11673
11674
11677
11678
11686
11687
11688
11691
11693
11694
11695
11696
11700
11704
11707
11708
11713
11714
11715
11719
11730
11731
11732
11739
11741
11742
11743
11747
11750
11752
11754
11771
11773
11774
11776
11777
11778
11780
11782
11783
11786
11788
11791
11793
11797
11798
11800
11801
11811
11813
11817
11821
11825
11828
11839
11842
11845
11848
11849
11850
11855
11861
11862
11866
11867
11880
11881
11883
11888
11893
11895
11897
11898
11903
11911
11913
11915
11918
11921
11922
11924
11929
11930
11931
11933
11940
11941
11947
11951
11952
11953
11954
11957
11963
11966
11967
11969
11985
11986
11987
11992
12005
12007
12013
12014
12015
12017
12018
12019
12024
12025
12028
12029
12032
12033
12034
12036
12037
12040
12041
12043
12044
12045
12048
12050
12051
12052
12059
12061
12063
12070
12076
12079
12080
12082
12084
12092
12093
12095
12099
12112
12117
12118
12119
12121
12122
12125
12126
12127
12128
12130
12132
12135
12139
12140
12144
12145
12146
12147
12149
12151
12152
12156
12159
12160
12161
12162
12165
12166
12167
12174
12179
12180
12181
12182
12183
12184
12188
12189
12191
12201
12202
12203
12205
12207
12208
12210
12211
12212
12214
12215
12217
12218
12219
12220
12222
12223
12225
12227
12228
12231
12232
12235
12237
12243
12246
12248
12249
12254
12257
12258
12259
12260
12265
12268
12271
12272
12273
12274
12275
12282
12283
12285
12293
12294
12296
12297
12304
12306
12308
12309
12311
12314
12318
12319
12327
12329
12331
12336
12337
12340
12341
12342
12344
12347
12352
12355
12356
12357
12359
12360
12363
12369
12371
12376
12380
12383
12387
12389
12396
12398
12399
12400
12401
12402
12403
12404
12405
12406
12407
12409
12412
12413
12419
12422
12423
12430
12434
12435
12436
12439
12441
12446
12449
12450
12451
12452
12453
12454
12458
12462
12470
12473
12485
12490
12491
12492
12500
12506
12509
12517
12520
12527
12533
12534
12537
12546
12548
12552
12553
12554
12555
12560
12563
12564
12569
12570
12573
12574
12575
12576
12584
12585
12587
12591
12593
12596
12599
12602
12604
12607
12608
12611
12614
12615
12617
12631
12633
12635
12636
12638
12640
12642
12643
12644
12651
12670
12681
12695
12697
12699
12702
12712
12713
12719
12746
12763
12766
12769
12770
12774
12781
12803
12805
12810
12812
12820
12822
12823
12825
12833
12834
12840
12842
12848
12851
12853
12855
12857
12863
12864
12872
12875
12878
12879
12890
12898
12901
12904
12905
12906
12908
12912
12913
12920
12935
12939
12955
12978
12980
12989
12996
12997
13002
13004
13005
13018
13022
13032
13034
13035
13039
13046
13048
13051
13061
13069
13072
13076
13078
13083
13086
13090
13092
13103
13108
13115
13119
13125
13142
13147
13148
13151
13161
13169
13170
13178
13189
13199
13202
13207
13210
13216
13219
13222
13225
13226
13235
13238
13256
13257
13268
13269
13270
13271
13273
13274
13275
13276
13279
13280
13283
13284
13288
13291
13297
13305
13309
13315
13319
13320
13321
13325
13336
13337
13354
13360
13375
13376
13382
13384
13387
13390
13393
13394
13395
13402
13407
13418
13420
13430
13442
13448
13463
13465
13472
13483
13490
13493
13497
13498
13499
13505
13506
13508
13509
13516
13523
13525
13528
13534
13536
13537
13546
13559
13560
13561
13562
13566
13575
13584
13598
13600
13603
13609
13614
13617
13620
13629
13630
13635
13637
13642
13648
13657
13659
13661
13662
13670
13673
13676
13685
13690
13692
13695
13707
13712
13716
13724
13728
13733
13734
13742
13746
13747
13749
13752
13760
13762
13763
13764
13784
13785
13787
13788
13792
13793
13794
13797
13798
13800
13802
13805
13808
13813
13837
13841
13842
13850
13854
13855
13867
13869
13870
13875
13879
13896
13899
13900
13902
13904
13910
13917
13921
13922
13929
13931
13936
13945
13946
13953
13963
13967
13981
14000
14007
14022
14026
14032
14036
14042
14044
14055
14064
14070
14092
14093
14102
14115
14116
14133
14134
14138
14146
14148
14151
14157
14158
14196
14198
14202
14227
14228
14230
14235
14256
14257
14264
14265
14267
14268
14271
14273
14274
14276
14290
14294
14307
14316
14317
14327
14338
14339
14343
14347
14352
14353
14354
14355
14367
14370
14374
14397
14403
14406
14417
14432
14440
14467
14482
14487
14490
14492
14497
14499
14501
14512
14514
14515
14516
14517
14519
14522
14523
14529
14533
14540
14542
14543
14544
14547
14557
14567
14569
14571
14574
14577
14581
14583
14598
14600
14602
14604
14605
14614
14618
14627
14633
14643
14644
14647
14656
14662
14664
14665
14667
14670
14671
14680
14682
14685
14688
14691
14699
14702
14703
14709
14710
14712
14717
14719
14726
14730
14737
14739
14748
14758
14763
14764
14765
14766
14771
14784
14787
14794
14798
14803
14807
14808
14811
14814
14816
14827
14832
14835
14842
14847
14856
14862
14870
14880
14882
14883
14884
14887
14896
14898
14900
14901
14910
14914
14923
14924
14926
14937
14940
14942
14947
14949
14961
14963
14968
14973
14978
14987
14995
15007
15017
15018
15020
15027
15032
15033
15036
15306
19360
19362
19363
19365
19443
19545
19550
20779
21233
21241
21249
21254
21255
21256
21258
21259
21260
21261
21262
21263
21264
21266
21267
21268
21277
21278
21280
21281
21282
21284
21286
21288
21289
21290
21292
21293
21294
21295
21296
21297
21298
21299
21300
21301
21304
21306
21307
21308
21309
21311
21313
21314
21315
21316
21318
21324
21326
21329
21359
21360
21370
21371
21372
21373
21374
21375
21376
21378
21379
21380
21381
21382
21384
21385
21386
21390
21391
21392
21393
21394
21395
21396
21397
21398
21399
21400
21401
21402
21404
21406
21408
21411
21412
21413
21414
21415
21418
21419
21421
21424
21425
21428
21437
21438
21439
21442
21449
21451
21452
21479
21484
21487
21488
21490
21491
21492
21521
21522
21523
21524
21527
21530
21531
21532
21536
21537
21538
21540
21541
21544
21545
21547
21548
21550
21552
21554
21555
21556
21557
21558
21559
21563
21565
21568
21569
21571
21572
21574
21577
21579
21582
21583
21584
21588
21589
21592
21593
21594
21595
21596
21599
21600
21601
21602
21603
21604
21607
21609
21610
21611
21613
21614
21619
21631
21655
21656
21659
21660
21661
21662
21663
21664
21665
21666
21667
21668
21669
21678
21680
21685
21686
21690
21691
21692
21693
21694
21695
21696
21697
21698
21699
21700
21701
21702
21703
21704
21705
21707
21708
21709
21711
21712
21713
21714
21715
21716
21717
21720
21721
21722
21723
21725
21726
21727
21728
21729
21730
21731
21733
21734
21735
21737
21738
21739
21741
21743
21745
21746
21748
21749
21753
21754
21756
21757
21758
21759
21760
21761
21762
21782
21784
21785
21786
21805
21806
21810
21815
21827
21832
21834
21844
21864
21866
21868
21876
21878
21879
21880
21881
21882
21888
21889
21890
21891
21898
21899
21900
21902
21903
21905
21909
21924
21925
21930
21948
21950
21951
21952
21954
21956
21959
21960
21983
21984
21985
21987
21992
21996
22001
22004
22005
22009
22010
22012
22023
22029
22032
22034
22035
22053
22054
22058
22060
22061
22062
22063
22065
22066
22125
22131
22133
22134
22135
22136
22137
22138
22139
22140
22141
22143
22144
22145
22146
22147
22149
22151
22152
22153
22155
22156
22157
22158
22159
22162
22174
22184
22201
22218
22238
22240
22241
22242
22244
22245
22246
22247
22249
22250
22251
22253
22255
22256
22259
22261
22263
22267
22268
22275
22291
22298
22300
22326
22327
22328
22330
22331
22333
22334
22335
22337
22338
22339
22340
22341
22342
22344
22345
22348
22350
22352
22353
22374
22398
22399
22401
22404
22405
22406
22414
22415
22417
22418
22422
22424
22435
22436
22437
22438
22439
22442
22445
22447
22449
22450
22451
22452
22453
22455
22457
22458
22459
22461
22462
22463
22464
22466
22468
22469
22470
22471
22473
22474
22475
22477
22478
22479
22482
22483
22484
22485
22486
22487
22488
22489
22490
22491
22492
22493
22494
22495
22496
22498
22499
22500
22501
22502
22503
22511
22513
22516
22522
22523
22524
22525
22526
22527
22529
22533
22534
22536
22568
22569
22570
22571
22574
22575
22576
22577
22578
22608
22609
22610
22611
22612
22615
22618
22619
22621
22622
22624
22626
22627
22628
22629
22631
22632
22633
22637
22639
22641
22644
22647
22648
22649
22652
22653
22654
22656
22657
22660
22661
22662
22663
22665
22667
22670
22677
22678
22679
22684
22686
22689
22697
22713
22715
22721
22732
22736
22738
22739
22740
22741
22742
22743
22745
22746
22751
22760
22762
22763
22764
22765
22769
22773
22774
22778
22780
22828
22870
22882
22900
22942
22943
22956
22981
22987
22989
22990
22992
22993
22994
22995
22996
22997
23000
23002
23004
23009
23052
23069
23073
23074
23075
23078
23115
23124
23125
23127
23131
23133
23135
23136
23139
23140
23141
23142
23143
23144
23145
23146
23147
23148
23149
23152
23153
23154
23155
23156
23158
23160
23161
23162
23163
23164
23165
23166
23167
23168
23170
23173
23174
23175
23176
23177
23178
23179
23181
23182
23183
23194
23195
23196
23209
23211
23213
23214
23215
23216
23218
23219
23221
23223
23232
23233
23234
23237
23241
23242
23243
23244
23245
23247
23259
23260
23261
23271
23272
23322
23325
23326
23349
23366
23377
23378
23379
23380
23381
23382
23383
23387
23403
23411
23413
23417
23437
23453
23458
23459
23469
23470
23490
23491
23513
23530
23534
23587
23588
23595
23597
23598
23599
23602
23603
23604
23605
23606
23609
23610
23611
23612
23613
23615
23617
23618
23619
23621
23622
23623
23624
23626
23629
23630
23631
23633
23635
23636
23638
23640
23644
23654
23656
23659
23676
23697
23699
23701
23702
23703
23704
23705
23706
23707
23708
23709
23710
23713
23714
23715
23719
23728
23729
23730
23731
23732
23733
23736
23738
23749
23751
23752
23755
23762
23770
23784
23802
23826
23839
23840
23841
23849
23850
23851
23853
23855
23856
23857
23858
23860
23894
23905
23913
23917
23932
23935
23937
23938
23940
23941
23947
23949
23960
23961
23962
23965
23966
23968
23969
23995
23996
24000
24001
24020
24034
24085
24398
24418
24432
24433
24436
24441
24443
24445
24448
24452
24728
24958
25630
25631
25632
25633
25634
25635
25637
25638
25640
25642
25744
25756
25758
25759
25764
25776
25786
25791
25794
25818
25822
25823
25828
25856
25863
25888
25895
25923
25933
25946
25949
25958
25959
25966
25967
25972
25975
25977
25978
25979
25980
25981
25982
25984
25986
25988
25990
25995
25997
25998
26003
26004
26006
26007
26009
26025
26027
26038
26042
26054
26071
26079
26089
26100
26106
26113
26128
26132
26138
26140
26141
26145
26147
26159
26161
26171
26180
26181
26187
26189
26190
26197
26210
26213
26214
26215
26237
26238
26245
26247
26248
26249
26259
26266
26272
26280
26285
26287
26301
26304
26305
26330
26335
26344
26346
26357
26361
26364
26371
26375
26376
26377
26378
26380
26392
26405
26408
26419
26425
26432
26433
26436
26439
26452
26461
26488
26495
26504
26521
26529
26533
26541
26545
26551
26552
26570
26577
26578
26581
26584
26585
26586
26594
26595
26597
26604
26610
26623
26624
26628
26631
26634
26644
26646
26660
26664
26665
26667
26673
26677
26684
26687
26688
26693
26703
26705
26708
26725
26729
26759
26803
26814
26816
26829
26841
26850
26895
26902
26903
26909
26914
26916
26919
26936
26951
26954
26956
26991
26993
27000
27002
27003
27013
27024
27025
27029
27044
27047
27055
27056
27057
27063
27064
27067
27068
27085
27094
27105
27108
27109
27119
27126
27146
27149
27152
27162
27173
27195
27196
27204
27225
27228
27249
27253
27257
27259
27261
27262
27263
27264
27266
27268
27283
27293
27301
27307
27315
27316
27319
27320
27333
27351
27352
27354
27367
27375
27376
27384
27385
27387
27388
27400
27402
27407
27408
27423
27440
27444
27451
27459
27466
27467
27470
27471
27474
27476
27477
27500
27506
27508
27511
27514
27517
27519
27525
27531
27538
27542
27546
27554
27561
27563
27574
27591
27592
27593
27596
27598
27599
27610
27611
27615
27621
27626
27629
27630
27645
27649
27658
27663
27666
27667
27673
27676
27677
27678
27695
27702
27712
27713
27733
27740
27742
27743
27744
27753
27754
27773
27777
27798
27813
27815
27834
27847
27856
27872
27873
27881
27883
27888
27895
27907
27911
27912
27919
27920
27925
27929
27935
27937
27942
27945
27952
27958
27960
27966
27967
27974
27987
27988
27990
28003
28017
28037
28041
28049
28057
28069
28070
28079
28085
28088
28089
28094
28114
28118
28129
28162
28185
28217
28287
28294
28300
28314
28337
28355
28393
28396
28402
28403
28416
28419
28442
28445
28471
28474
28475
28476
28481
28483
28495
28499
28502
28508
28512
28519
28521
28526
28533
28539
28540
28541
28542
28546
28547
28549
28553
28555
28561
28565
28567
28576
28585
28589
28591
28609
28615
28625
28628
28651
28657
28670
28671
28672
28680
28685
28686
28692
28696
53279
53315
53363
53385
53394
53395
53397
53402
53403
53406
53411
53412
53416
53418
53419
53421
53423
53424
53425
53426
53427
53428
53429
53430
53431
53432
53433
53434
53435
53440
53445
53452
53466
53476
53477
53478
53479
53482
53483
53488
53490
53491
53493
53499
53500
53502
53503
53508
53509
53519
53521
53536
53539
53540
53542
53553
53554
53555
53558
53562
53568
53570
53582
53585
53586
53591
53595
53607
53620
53623
53625
53627
53630
53633
53634
53635
53638
53640
53642
53647
53650
53652
53661
53667
53670
53673
53677
53689
53724
53730
53732
53766
53767
53770
53772
53774
53780
53781
53783
53784
53786
53793
53796
53809
53811
53816
53818
53821
53823
53824
53828
53829
53831
53835
53840
53844
53849
53850
53853
53854
53855
53857
53859
53877
53878
53886
53890
53893
53896
53898
53899
53902
53903
53906
53909
53957
53959
53970
53971
53972
53975
53976
53977
53978
53979
53980
53985
53986
53987
53988
53992
53994
53995
53996
53997
54000
54006
54028
54030
54034
54042
54055
54067
54103
54104
54111
54112
54116
54119
54138
54141
54142
54146
54148
54156
54159
54160
54161
54162
54163
54174
54179
54184
54185
54189
54190
54194
54199
54200
54202
54205
54208
54212
54213
54217
54222
54223
54227
54232
54239
54240
54241
54242
54245
54246
54248
54250
54251
54261
54262
54267
54270
54274
54277
54278
54279
54280
54291
54297
54298
54299
54305
54307
54310
54311
54312
54316
54317
54319
54330
54338
54341
54346
54359
54361
54364
54366
54377
54380
54381
54384
54392
54400
54402
54405
54409
54410
54411
54416
56118
56153
56154
56157
56159
56167
56168
56170
56172
56173
56179
56182
56184
56186
56188
56191
56196
56198
56199
56202
56207
56217
56219
56223
56245
56261
56262
56267
56269
56291
56306
56322
56332
56344
56345
56417
56421
56508
56533
56538
56577
56578
56662
56687
56747
56749
56752
56766
56767
56775
56812
56847
56893
56988
57023
57036
57060
57076
57077
57083
57085
57088
57090
57102
57112
57144
57145
57146
57150
57151
57174
57176
57182
57184
57188
57207
57208
57212
57226
57229
57243
57261
57262
57265
57266
57271
57280
57282
57291
57398
57399
57409
57411
57418
57426
57433
57434
57452
57488
57527
57552
57597
57616
57642
57706
57733
57734
57739
57752
57764
57797
57798
57799
57801
57804
57811
57815
57819
57820
57821
57825
57827
57828
57833
57853
57854
57855
57856
57857
57859
57864
57866
57869
57870
57871
57881
57884
57887
57889
57891
57893
57895
57911
57928
57929
57931
57932
57936
57938
57939
57940
57942
57943
57945
57948
57950
57953
57954
57956
57960
57962
57963
57964
58000
58003
58005
58010
58015
58017
58018
58019
58020
58021
58028
58029
58030
58033
58036
58046
58050
58051
58052
58056
58057
58058
58060
58063
58064
58065
58066
58071
58107
58131
58134
58137
58245
58260
58276
58324
58451
58452
58463
58477
58478
58479
58533
58541
58560
58620
58633
58654
58693
58731
58741
58744
58822
58830
58832
58844
58928
58931
58935
58937
58938
58978
59010
59017
59073
59143
59164
59185
59191
59192
59221
59225
59249
59275
59289
59292
59297
59318
59343
59383
59384
59454
59461
59611
59696
59706
59712
59747
59831
59847
59848
59934
59936
59972
59978
60003
60004
60005
60021
60051
60052
60066
60070
60114
60117
60146
60171
60186
60211
60220
60225
60228
60230
60254
60275
60303
60319
60442
60511
60577
60588
60617
60656
60769
60789
60795
60871
60897
60919
60920
60922
60923
60927
61052
61055
61068
61077
61096
61202
61238
61242
61246
61247
61254
61349
61449
61452
61525
61546
61603
61604
61605
61617
61625
61680
61692
61725
61729
61777
61813
61861
61865
61866
61873
61878
61879
61880
61881
61882
61883
61884
61900
61901
61905
61911
61924
61964
61971
62070
62081
62090
62091
62121
62126
62130
62162
62163
62216
62276
62285
62288
62291
62324
62329
62330
62332
62337
62386
62445
62457
62607
62608
62961
63002
63011
63114
63136
63226
63249
63572
64096
64181
64221
64504
64742
64864
64970
64979
64989
64998
65001
65065
65097
65111
65122
65195
65214
65217
65225
65275
65284
65299
65333
65344
65371
65390
65396
65408
65409
65417
65419
65468
65491
65504
65510
65543
65616
65626
65627
65641
65676
65697
65729
65730
65753
65760
65764
65766
65822
65891
65905
66170
66204
66237
66238
66256
66285
66368
66470
66473
66539
66540
66547
66550
66567
66574
66678
66793
66809
66810
66818
66894
66895
66965
66968
66976
66983
66999
67005
67059
67060
67133
67157
67470
67471
67517
67518
67520
67547
67574
67626
67706
67747
67803
67805
67806
67808
67809
67811
67813
67815
67816
67817
67818
67828
67868
67872
67879
67880
67882
67889
67891
67897
67900
67925
67969
67970
67977
67992
68012
68018
68052
68053
68097
68098
68099
68102
68121
68126
68155
68195
68205
68267
68277
68369
68371
68430
68450
68491
68499
68500
68532
68614
68615
68705
68732
68800
68829
68832
68944
68976
68985
69045
69050
69165
69235
69247
69261
69294
69385
69392
69401
69405
69483
69486
69508
69561
69576
69596
69612
69614
69626
69705
69707
69722
69725
69726
69765
69766
69768
69769
69770
69787
69791
69794
69795
69796
69801
69813
69814
69820
69864
69868
69869
69892
70206
70239
70376
70460
70509
70586
70596
70614
70683
70828
70920
70928
70951
70976
70991
71022
71035
71079
71089
71090
71091
71098
71110
71159
71203
71238
71250
71269
71493
71542
71605
71672
71692
71729
71757
71773
71794
71795
71798
71799
71800
71812
71846
71853
72178
72388
72475
72543
72575
72578
72581
72589
72613
72657
72715
72726
72780
72792
72862
72879
72941
72945
72950
72959
72992
73018
73052
73058
73064
73211
73475
73499
73561
73568
73606
73681
73710
73797
73870
73901
73902
73903
73904
73905
73907
73908
73909
73910
73912
73913
73916
73918
73958
73960
74280
74312
74418
74419
74472
74489
74491
74506
74544
74575
74584
74592
74596
74608
74609
74616
74624
74658
74663
74672
74673
74674
74676
74677
74681
74683
74685
74688
74690
74691
74694
74697
74699
74700
74703
74710
74711
74714
74715
74716
74717
74718
74719
74720
74721
74732
74733
74737
74741
74742
74743
74751
74752
74756
74757
74758
74760
74761
74763
74764
74770
74771
74772
74773
74774
74775
74788
74789
74791
74792
74794
74796
74797
74800
74801
74803
74805
74806
74807
74808
74809
74810
74811
74812
74820
74823
74825
74826
74827
74830
74831
74832
74833
74835
74838
74842
74848
74854
74855
74856
74857
74861
74864
74871
74873
74874
74875
74876
74877
74878
74879
74881
74882
74883
74884
74886
74887
74889
74891
74894
74900
74901
74902
74908
74909
74910
74912
74915
74917
74920
74921
74922
74923
74924
74925
74926
74927
74928
74929
74931
74937
74938
74940
74944
74945
74947
74948
74950
74951
74954
74955
74963
74973
74980
74981
74988
74999
75002
75003
75004
75008
75009
75010
75011
75012
75013
75015
75016
75017
75026
75027
75028
75029
75031
75036
75039
75041
75042
75044
75048
75052
75056
75061
75065
75069
75070
75071
75072
75073
75075
75076
75078
75081
75083
75084
75085
75086
75091
75092
75095
75099
75100
75101
75102
75103
75107
75109
75123
75124
75126
75128
75129
75132
75135
75139
75142
75143
75144
75146
75147
75148
75149
75150
75153
75155
75157
75159
75160
75162
75164
75165
75173
75176
75180
75186
75190
75195
75200
75201
75202
75207
75208
75209
75215
75217
75225
75231
75232
75234
75236
75238
75242
75243
75244
75245
75246
75248
75249
75251
75254
75257
75262
75263
75266
75267
75270
75273
75275
75276
75277
75278
75280
75281
75288
75293
75294
75295
75296
75297
75298
75300
75303
75304
75311
75314
75317
75321
75322
75324
75325
75326
75329
75330
75334
75339
75341
75343
75344
75346
75348
75350
75351
75357
75359
75362
75368
75369
75370
75372
75374
75377
75378
75379
75380
75381
75384
75385
75386
75388
75389
75391
75394
75397
75398
75400
75401
75404
75408
75412
75414
75416
75419
75421
75425
75428
75430
75431
75433
75434
75435
75437
75441
75442
75449
75451
75452
75453
75468
75474
75479
75480
75484
75486
75488
75490
75491
75493
75496
75498
75499
75505
75507
75511
75512
75513
75517
75518
75519
75524
75526
75527
75528
75532
75535
75537
75538
75540
75549
75551
75554
75556
75557
75561
75562
75564
75566
75568
75569
75570
75573
75574
75576
75583
75585
75586
75589
75590
75591
75595
75596
75597
75604
75608
75609
75611
75613
75615
75617
75618
75620
75622
75623
75624
75625
75626
75628
75630
75633
75636
75637
75638
75639
75641
75642
75645
75646
75648
75649
75650
75651
75653
75654
75656
75659
75660
75661
75662
75664
75665
75666
75668
75669
75670
75671
75672
75673
75675
75676
75678
75680
75683
75687
75692
75694
75695
75697
75698
75699
75700
75701
75702
75704
75706
75708
75709
75712
75718
75719
75720
75722
75725
75726
75730
75731
75733
75734
75735
75736
75738
75740
75741
75743
75744
75747
75749
75754
75756
75757
75763
75764
75766
75774
75775
75779
75783
75784
75785
75788
75789
75790
75791
75792
75793
75795
75797
75799
75800
75802
75803
75804
75805
75806
75807
75808
75809
75811
75813
75817
75820
75828
75833
75834
75836
75837
75838
75839
75841
75842
75843
75848
75854
75862
75869
75876
75877
75880
75881
75883
75884
75886
75888
75889
75898
75904
75908
75909
75911
75913
75914
75917
75921
75930
75931
75932
75933
75934
75935
75936
75937
75938
75939
75940
75941
75943
75944
75948
75949
75953
75954
75957
75958
75960
75963
75966
75967
75968
75978
75982
75986
75987
75988
75989
75995
75997
75998
75999
76000
76004
76005
76008
76009
76010
76012
76013
76014
76015
76018
76020
76021
76022
76023
76025
76028
76031
76033
76034
76035
76040
76042
76048
76059
76060
76061
76062
76063
76064
76065
76066
76067
76068
76073
76077
76078
76079
76080
76082
76084
76085
76086
76087
76088
76089
76090
76091
76092
76093
76094
76097
76099
76100
76101
76102
76103
76107
76108
76109
76110
76111
76112
76113
76114
76115
76116
76117
76118
76119
76120
76121
76122
76123
76128
76131
76132
76136
76138
76140
76145
76146
76148
76149
76150
76154
76157
76158
76162
76171
76173
76174
76178
76179
76180
76181
76182
76183
76184
76185
76186
76187
76190
76191
76192
76195
76196
76198
76202
76204
76211
76213
76214
76216
76217
76219
76222
76231
76232
76236
76237
76238
76247
76252
76253
76254
76255
76258
76261
76262
76264
76266
76271
76272
76276
76278
76279
76280
76281
76282
76283
76286
76288
76289
76290
76291
76292
76293
76294
76296
76297
76298
76299
76300
76302
76305
76306
76308
76309
76311
76312
76313
76318
76320
76321
76323
76325
76328
76329
76330
76332
76339
76341
76342
76346
76351
76352
76353
76354
76357
76358
76365
76367
76368
76370
76372
76374
76376
76377
76378
76379
76380
76381
76390
76392
76393
76394
76395
76398
76422
76425
76426
76433
76441
76445
76446
76447
76459
76460
76486
76492
76501
76502
76503
76504
76505
76506
76507
76508
76509
76510
76511
76517
76518
76532
76537
76539
76540
76545
76549
76552
76555
76556
76557
76558
76559
76560
76561
76562
76563
76564
76565
76566
76567
76568
76569
76571
76573
76574
76576
76585
76586
76587
76589
76596
76597
76600
76603
76604
76605
76606
76607
76609
76610
76611
76612
76613
76614
76615
76616
76617
76618
76620
76627
76638
76640
76644
76646
76649
76651
76654
76661
76665
76666
76667
76668
76671
76672
76682
76683
76685
76686
76690
76691
76692
76700
76701
76702
76703
76704
76706
76707
76709
76711
76712
76713
76715
76716
76718
76721
76722
76723
76724
76726
76727
76729
76731
76732
76733
76734
76736
76737
76739
76740
76741
76742
76746
76748
76753
76754
76759
76761
76765
76766
76767
76771
76772
76773
76774
76777
76782
76783
76788
76791
76795
76798
76807
76808
76809
76811
76812
76814
76815
76821
76822
76827
76828
76829
76830
76831
76836
76839
76840
76842
76843
76844
76845
76849
76851
76852
76853
76857
76862
76865
76866
76868
76869
76870
76872
76873
76874
76877
76878
76883
76887
76890
76893
76894
76895
76898
76902
76903
76904
76907
76911
76912
76913
76915
76917
76918
76919
76925
76926
76927
76931
76937
76938
76941
76942
76944
76946
76950
76952
76958
76960
76964
76965
76972
76973
76977
77000
77073
77074
77075
77076
77077
77078
77079
77080
77084
77089
77090
77091
77092
77094
77098
77100
77101
77105
77108
77111
77112
77113
77115
77117
77118
77120
77122
77124
77126
77130
77131
77132
77134
77135
77136
77137
77138
77142
77143
77145
77148
77149
77150
77151
77152
77156
77157
77159
77161
77162
77164
77165
77166
77169
77170
77171
77174
77175
77176
77177
77178
77181
77183
77184
77185
77186
77187
77188
77189
77191
77193
77197
77198
77269
77303
77326
77327
77328
77329
77330
77331
77332
77334
77335
77336
77340
77341
77342
77346
77347
77351
77352
77353
77355
77356
77357
77371
77374
77375
77376
77377
77378
77379
77382
77383
77384
77386
77387
77388
77389
77391
77392
77394
77395
77396
77397
77398
77399
77400
77401
77402
77403
77404
77405
77406
77407
77408
77409
77410
77411
77412
77413
77414
77415
77416
77417
77418
77419
77420
77421
77423
77424
77425
77426
77427
77429
77430
77431
77433
77434
77435
77436
77437
77438
77439
77440
77441
77442
77443
77444
77445
77446
77447
77448
77449
77450
77451
77453
77454
77455
77457
77458
77464
77465
77469
77470
77471
77473
77481
77484
77485
77488
77493
77494
77498
77501
77505
77506
77507
77508
77515
77518
77519
77520
77521
77522
77523
77524
77526
77527
77528
77532
77533
77539
77541
77546
77547
77551
77552
77553
77556
77557
77558
77559
77561
77564
77565
77566
77568
77569
77572
77576
77581
77583
77587
77590
77591
77592
77593
77594
77595
77596
77597
77598
77600
77602
77603
77606
77607
77608
77611
77612
77614
77615
77616
77617
77620
77621
77622
77624
77625
77629
77634
77636
77637
77640
77642
77643
77644
77645
77646
77648
77649
77651
77652
77655
77657
77660
77662
77663
77664
77665
77666
77668
77669
77670
77671
77672
77673
77674
77675
77676
77677
77678
77679
77680
77681
77682
77683
77684
77685
77686
77687
77688
77689
77690
77691
77692
77693
77694
77695
77696
77697
77698
77699
77700
77701
77702
77703
77704
77705
77706
77707
77708
77709
77710
77711
77712
77713
77714
77715
77716
77717
77718
77719
77720
77721
77722
77723
77724
77725
77726
77727
77728
77729
77730
77731
77732
77733
77734
77735
77736
77737
77738
77739
77740
77741
77742
77743
77744
77745
77746
77747
77748
77749
77750
77751
77752
77753
77754
77755
77756
77757
77758
77759
77760
77761
77762
77763
77764
77765
77766
77767
77768
77769
77770
77771
77772
77774
77775
77776
77777
77778
77779
77780
77781
77782
77783
77784
77785
77786
77787
77788
77789
77790
77791
77792
77793
77794
77795
77796
77797
77798
77800
77801
77802
77803
77804
77805
77806
77807
77808
77809
77810
77811
77812
77813
77814
77816
77817
77818
77819
77820
77821
77822
77823
77824
77825
77826
77827
77828
77829
77830
77831
77832
77833
77834
77835
77836
77837
77838
77839
77840
77841
77842
77843
77844
77845
77846
77847
77848
77849
77850
77851
77852
77853
77854
77855
77856
77857
77858
77859
77860
77861
77862
77863
77864
77865
77866
77867
77868
77869
77870
77871
77872
77873
77874
77875
77876
77877
77878
77879
77880
77881
77882
77883
77884
77885
77886
77887
77888
77889
77890
77891
77892
77893
77894
77895
77896
77897
77898
77899
77900
77901
77902
77903
77904
77905
77906
77907
77908
77909
77910
77911
77912
77913
77914
77915
77916
77917
77918
77919
77920
77921
77922
77923
77924
77925
77926
77927
77928
77929
77930
77931
77932
77933
77934
77935
77936
77937
77938
77939
77940
77941
77942
77943
77944
77945
77946
77947
77948
77949
77950
77952
77953
77954
77955
77956
77957
77958
77959
77960
77961
77962
77963
77964
77965
77966
77967
77968
77969
77970
77971
77972
77973
77974
77975
77976
77977
77978
77979
77980
77981
77982
77983
77984
77985
77986
77987
77988
77989
77990
77991
77992
77993
77994
77995
77996
77997
77998
77999
78000
78001
78002
78003
78004
78005
78006
78007
78009
78010
78011
78012
78013
78014
78015
78016
78017
78018
78019
78020
78021
78022
78023
78025
78026
78027
78028
78029
78031
78033
78034
78035
78038
78039
78043
78046
78051
78052
78054
78055
78056
78058
78059
78061
78063
78067
78068
78070
78072
78074
78075
78076
78077
78078
78079
78080
78081
78082
78083
78084
78085
78087
78088
78089
78128
78133
78136
78140
78144
78145
78147
78149
78158
78162
78164
78165
78166
78170
78171
78173
78175
78176
78192
78204
78237
78239
78243
78247
78256
78274
78275
78284
78290
78301
78306
78308
78312
78316
78317
78319
78321
78323
78325
78326
78330
78338
78344
78346
78347
78355
78360
78362
78364
78367
78369
78373
78374
78376
78377
78379
78380
78381
78382
78383
78387
78388
78408
78409
78412
78415
78416
78419
78420
78421
78422
78424
78425
78429
78430
78431
78432
78433
78434
78435
78436
78437
78438
78439
78440
78446
78448
78449
78450
78451
78452
78453
78454
78455
78458
78461
78462
78467
78468
78470
78474
78476
78477
78479
78484
78487
78490
78491
78492
78495
78498
78501
78502
78503
78506
78507
78509
78510
78511
78512
78515
78522
78524
78525
78526
78529
78532
78533
78534
78535
78541
78544
78549
78560
78565
78570
78571
78572
78574
78575
78579
78580
78582
78585
78595
78596
78597
78598
78602
78608
78611
78612
78613
78614
78615
78616
78617
78619
78621
78622
78627
78629
78630
78634
78635
78636
78637
78638
78639
78640
78645
78648
78649
78650
78651
78652
78653
78655
78656
78657
78658
78659
78660
78661
78662
78663
78664
78665
78666
78667
78668
78669
78671
78673
78675
78677
78678
78681
78686
78687
78693
78694
78695
78697
78698
78699
78700
78710
78716
78723
78727
78728
78729
78730
78732
78734
78737
78738
78739
78747
78748
78752
78753
78759
78760
78763
78768
78770
78773
78775
78777
78778
78779
78785
78788
78789
78791
78793
78795
78798
78800
78805
78806
78807
78808
78809
78811
78813
78814
78816
78822
78823
78826
78829
78830
78831
78832
78833
78834
78838
78841
78843
78844
78847
78848
78849
78850
78852
78853
78854
78856
78858
78859
78860
78861
78862
78863
78865
78867
78868
78873
78874
78877
78879
78881
78882
78883
78885
78886
78887
78888
78889
78890
78891
78895
78898
78899
78901
78902
78905
78912
78916
78917
78919
78920
78921
78922
78926
78929
78930
78932
78938
78939
78940
78946
78951
78952
78955
78956
78957
78958
78961
78964
78965
78966
78967
78968
78969
78970
78971
78972
78973
78974
78975
78976
78977
78979
78980
78986
78988
78994
78995
78997
78998
79000
79001
79004
79005
79006
79007
79008
79009
79010
79011
79012
79013
79014
79015
79016
79017
79019
79020
79021
79022
79023
79024
79025
79027
79029
79030
79032
79033
79034
79035
79036
79037
79038
79039
79040
79041
79043
79045
79046
79047
79048
79049
79051
79052
79058
79064
79065
79066
79067
79072
79074
79075
79076
79082
79083
79086
79087
79088
79094
79095
79096
79097
79098
79101
79102
79105
79106
79110
79111
79114
79117
79118
79119
79121
79123
79125
79132
79134
79144
79152
79153
79158
79159
79160
79182
79184
79186
79187
79194
79200
79205
79207
79210
79212
79213
79214
79215
79217
79218
79219
79221
79225
79226
79236
79237
79246
79249
79251
79254
79255
79260
79265
79268
79275
79276
79277
79278
79281
79293
79298
79300
79306
79307
79308
79309
79310
79311
79315
79319
79320
79322
79328
79331
79333
79335
79337
79342
79356
79357
79358
79359
79360
79365
79366
79367
79371
79373
79374
79375
79376
79378
79379
79380
79381
79384
79387
79390
79392
79393
79396
79398
79399
79400
79401
79402
79403
79404
79405
79406
79407
79408
79409
79410
79411
79412
79413
79414
79415
79416
79417
79418
79419
79420
79421
79422
79423
79424
79425
79426
79427
79428
79429
79430
79431
79432
79433
79440
79446
79453
79457
79458
79461
79463
79464
79466
79467
79468
79469
79471
79472
79474
79478
79479
79481
79482
79483
79487
79488
79494
79496
79499
79500
79501
79502
79503
79504
79505
79506
79507
79508
79509
79510
79511
79512
79513
79514
79516
79517
79518
79519
79520
79521
79522
79523
79524
79527
79528
79529
79532
79535
79536
79538
79540
79542
79555
79556
79558
79561
79564
79565
79576
79577
79579
79581
79582
79586
79587
79588
79590
79593
79601
79603
79607
79609
79610
79611
79612
79615
79617
79619
79623
79629
79631
79634
79635
79636
79637
79638
79640
79641
79642
79645
79647
79648
79649
79650
79651
79652
79654
79663
79664
79665
79667
79668
79669
79670
79673
79674
79676
79677
79678
79679
79686
79687
79689
79691
79694
79698
79699
79717
79719
79725
79728
79729
79732
79738
79743
79744
79745
79746
79747
79748
79749
79754
79755
79762
79763
79766
79771
79774
79776
79783
79784
79785
79786
79787
79788
79789
79790
79792
79797
79798
79799
79800
79801
79812
79818
79822
79825
79828
79830
79835
79846
79847
79848
79849
79850
79851
79852
79853
79854
79855
79856
79857
79858
79860
79863
79864
79865
79866
79867
79870
79871
79872
79873
79877
79880
79881
79886
79891
79892
79893
79894
79895
79896
79898
79900
79902
79904
79906
79907
79910
79911
79912
79922
79925
79927
79928
79929
79930
79931
79932
79933
79937
79939
79942
79943
79944
79945
79955
79958
79966
79970
79971
79976
79987
79988
79992
79993
79998
80004
80007
80010
80015
80016
80019
80021
80022
80025
80028
80029
80030
80034
80035
80036
80038
80039
80040
80041
80042
80043
80045
80047
80049
80050
80051
80053
80054
80055
80057
80058
80061
80062
80063
80067
80069
80070
80071
80072
80073
80075
80076
80077
80080
80081
80082
80083
80085
80087
80088
80089
80090
80097
80098
80099
80100
80101
80106
80112
80121
80122
80124
80129
80131
80135
80136
80137
80140
80143
80146
80147
80148
80149
80150
80151
80157
80160
80163
80165
80167
80168
80169
80170
80171
80173
80174
80175
80177
80179
80181
80189
80190
80198
80202
80203
80204
80205
80215
80217
80219
80220
80221
80222
80223
80233
80234
80235
80237
80238
80240
80245
80246
80249
80250
80255
80258
80260
80267
80269
80270
80274
80276
80283
80285
80286
80287
80288
80289
80292
80297
80298
80301
80303
80310
80316
80317
80318
80320
80328
80330
80331
80332
80339
80346
80348
80355
80356
80358
80359
80360
80361
80362
80363
80365
80366
80367
80368
80369
80370
80371
80372
80373
80374
80375
80379
80382
80385
80386
80387
80391
80392
80394
80395
80396
80400
80401
80403
80404
80407
80408
80429
80432
80437
80438
80439
80440
80441
80442
80444
80452
80453
80454
80455
80456
80457
80458
80459
80460
80461
80462
80463
80464
80465
80466
80467
80468
80469
80470
80471
80472
80473
80474
80475
80476
80477
80478
80479
80480
80481
80482
80483
80484
80485
80486
80487
80488
80489
80490
80491
80492
80493
80494
80495
80496
80497
80498
80499
80500
80502
80627
80657
80679
80711
80712
80713
80714
80720
80805
80807
80818
80870
80916
80922
80937
80943
80944
80947
80949
80951
80955
80968
80978
80981
80982
80983
80984
80988
80993
80994
80995
80997
81001
81002
81004
81006
81011
81012
81015
81017
81020
81023
81026
81029
81037
81039
81042
81043
81044
81045
81046
81048
81052
81055
81059
81061
81062
81063
81064
81065
81066
81068
81071
81074
81075
81082
81086
81087
81088
81089
81090
81091
81092
81093
81094
81095
81096
81101
81103
90913
90917
90918
90919
90920
90921
90924
90928
90929
90932
90933
90937
90940
90942
90948
90950
90951
90952
90953
90956
90957
90963
90964
90969
90980
90981
90982
90983
90984
90985
90986
90987
90988
90989
90991
90995
91000
91016
91017
91018
91024
91025
91026
91027
91028
91029
91030
91031
91032
91033
91034
91035
91036
91037
91038
91043
91045
91048
91050
91051
91052
91053
91056
91057
91058
91061
91062
91063
91064
91066
91069
91070
91071
91072
91073
91074
91076
91078
91084
91086
91087
91088
91089
91093
91100
91101
91120
91147
91187
91189
91191
91192
91193
91194
91199
91202
91349
91354
91362
91392
91393
91394
91396
91455
91556
91635
91638
91639
91641
91668
91726
91727
91766
91782
91871
91872
91952
91967
91993
92022
92099
92110
92126
92199
92226
92297
92308
92320
92413
92448
92499
92500
92501
92502
92503
92504
92505
92506
92507
92509
92511
92512
92547
92554
92555
92556
92738
92794
92837
92840
92843
92844
92847
92849
92851
92853
92877
92881
92883
92885
92886
92888
92890
92891
92903
92904
92905
92911
92914
92959
92978
92979
92982
93113
93149
93163
93185
93186
93187
93190
93191
93238
93253
93254
93255
93257
93258
93265
93266
93269
93270
93271
93272
93273
93326
93359
93414
93438
93471
93519
93536
93651
93694
93695
93723
93735
93784
93826
93850
93851
93852
93901
93982
94002
94007
94074
94075
94077
94078
94100
94105
94113
94123
94130
94131
94132
94133
94134
94149
94150
94151
94156
94157
94158
94161
94165
94166
94168
94169
94182
94229
94244
94289
94330
94333
94410
94452
94454
94457
94465
94480
94495
94500
94609
94624
94632
94633
94634
94704
94839
94884
94890
94926
95149
95164
95410
95539
95898
95937
96109
96127
96137
96288
96289
96310
96363
96678
96758
96965
97593
97661
97697
97728
97781
97804
97868
97869
97988
98097
98108
98118
98171
98187
98304
98305
98398
98400
98406
98411
98495
98496
98510
98536
98548
98600
98784
98790
98791
98848
98850
98881
98889
98921
98933
98973
98974
98980
98981
98988
98997
98998
98999
99005
99014
99020
99023
99029
99048
99110
99111
99112
99114
99143
99145
99158
99175
99231
99257
99280
99295
99356
99364
99416
99428
99467
99473
99491
99566
99589
99626
99691
99692
99707
99749
99780
99871
99885
99922
99935
99960
99973
100040
100041
100056
100067
100153
100154
100264
100398
100517
100556
100602
100608
100666
100708
100749
100758
100765
100832
100848
100849
100900
100905
100906
100914
100915
100932
100944
100969
100970
100981
100983
101000
101001
101002
101004
101023
101034
101035
101036
101037
101085
101116
101128
101136
101149
101346
101365
101389
101390
101481
101483
101484
101517
101518
101593
101616
101621
101656
101661
101686
101692
101705
101821
101865
101996
102025
102026
102064
102067
102141
102266
102344
102366
102379
102576
102607
102617
102624
102626
102634
102635
102636
102640
102643
102665
102715
102730
102738
102740
102809
102830
102858
102874
102892
102911
102975
103013
103014
103018
103028
103032
103052
103063
103097
103128
103152
103182
103246
103270
103307
103341
103399
103434
103455
103510
103605
103741
103746
103887
103974
104061
104120
104121
104132
104194
104220
104233
104251
104300
104314
104355
104361
104377
104389
104394
104395
104396
104397
104399
104404
104445
104548
104559
104588
104589
104631
104657
104687
104697
104785
105071
105091
105133
105178
105232
105355
105407
105408
105515
105519
105525
105640
105688
105690
105747
105783
105921
105922
106096
106111
106144
106146
106206
106224
106242
106377
106627
106634
106635
106670
106694
106698
106707
106737
106766
106787
106793
106794
106879
106885
106896
107060
107111
107196
107211
107247
107259
107261
107340
107362
107603
107626
107880
107903
107909
107914
107955
108054
108088
108114
108240
108421
108454
108528
108565
108612
108664
108667
108695
108895
109002
109151
109172
109200
109224
109299
109305
109394
109406
109688
109699
109761
109864
109968
110065
110076
110099
110104
110115
110300
110307
110334
110429
110448
110528
110578
110610
110704
110705
110712
110733
110737
110751
110773
110834
110864
110887
110917
110963
110999
111008
111052
111057
111105
111162
111228
111243
111244
111246
111254
111303
111317
111389
111408
111486
111493
111505
111605
111662
111817
111841
111915
111929
111959
112017
112044
112045
112141
112322
112435
112436
112437
112613
112675
112801
112915
113062
113087
113160
113493
113565
113610
113625
113672
113681
113685
113696
113702
113717
113742
113826
113827
113828
113829
113948
113986
114010
114120
114122
114123
114301
114302
114364
114368
114382
114444
114496
114536
114553
114599
114621
114635
114679
114900
114931
114974
114976
114981
115044
115064
115320
115344
115397
115398
115399
115400
115466
115499
115763
115894
115924
115987
116001
116019
116064
116080
116283
116313
116314
116321
116351
116366
116390
116417
116426
116494
116495
116508
116598
116651
116748
116750
116778
116839
116943
116944
117094
117129
117201
117210
117246
117384
117406
117407
117444
117463
117467
117586
117616
117688
117697
117706
117783
117848
117849
117850
117852
117853
117854
117855
117870
117875
117879
117923
117967
117968
117969
118046
118053
118120
118169
118260
118281
118308
118332
118400
118410
118444
118446
118485
118486
118494
118542
118543
118546
118573
118614
118620
118681
118702
118819
118866
118875
118896
118960
118961
118966
118971
118972
118975
118976
118984
119008
119015
119050
119071
119117
119140
119184
119270
119289
119307
119315
119324
119326
119354
119379
119384
119525
119533
119534
119539
119552
119601
119700
119701
119702
119703
119735
119736
119776
119836
119837
119849
119917
119932
120015
120021
120036
120045
120078
120082
120135
120136
120153
120154
120234
120248
120314
120379
120428
120433
120463
120474
120492
120511
120527
120540
120541
120585
120588
120595
120604
120688
120941
120948
121073
121074
121075
121076
121077
121078
121118
121149
121257
121278
121304
121308
121395
121538
121661
121692
121884
121913
121914
122074
122085
122107
122108
122115
122117
122118
122119
122120
122126
122127
122146
122156
122160
122198
122256
122260
122275
122280
122299
122303
122312
122341
122407
122420
122445
122456
122495
122499
122514
122543
122544
122556
122560
122562
122738
122751
122763
122776
122782
122794
122895
122924
122931
123089
123121
123124
123150
123180
123203
123206
123208
123237
123249
123274
123317
123437
123483
123490
123519
123578
123581
123582
123583
123588
123630
123643
123650
123654
123731
123735
123791
123792
123794
123795
123797
123802
123809
123810
123811
123812
123813
123852
123891
123922
123963
123974
123984
124016
124136
124142
124143
124147
124157
124184
124209
124250
124294
124295
124335
124380
124515
124691
124705
124792
124840
124843
124874
124888
124898
124899
124901
124948
124975
124998
125031
125035
125078
125092
125093
125134
125142
125198
125216
125294
125296
125300
125301
125328
125375
125376
125409
125432
125465
125497
125520
125537
125540
125612
125673
125689
125701
125710
125715
125722
125723
125725
125726
125727
125772
125791
125803
125812
125813
125815
125890
125921
125929
125990
126022
126048
126049
126077
126097
126132
126210
126233
126235
126269
126307
126329
126345
126348
126430
126432
126461
126469
126492
126613
126710
126744
126789
126791
126843
126845
126931
126972
127109
127110
127179
127205
127213
127225
127273
127290
127407
127456
127457
127458
127459
127460
127461
127462
127463
127484
127546
127572
127635
127676
127880
127891
127929
127989
127998
128010
128067
128068
128074
128077
128108
128112
128188
128297
128318
128319
128325
128348
128382
128388
128461
128484
128531
128536
128559
128630
128752
128760
128765
128774
128913
128948
128959
129000
129108
129142
129180
129206
129207
129208
129209
129211
129213
129215
129218
129266
129272
129273
129329
129330
129331
129427
129428
129483
129484
129526
129527
129553
129560
129570
129583
129584
129592
129599
129610
129623
129673
129678
129710
129748
129749
129750
129829
129830
129844
129845
129869
129916
129917
129918
129920
129974
129975
129978
130001
130042
130075
130076
130077
130078
130079
130084
130156
130303
130313
130317
130318
130334
130462
130510
130555
130557
130558
130561
130666
130714
130833
131006
131028
131125
131184
131201
131210
131213
131251
131290
131326
131439
131474
131476
131480
131503
131570
131571
131589
131622
131625
131634
131642
131646
131647
131648
131649
131651
131654
131655
131656
131657
131659
131666
131667
131677
131682
131689
131692
131696
131697
131701
131710
131715
131733
131740
131748
131749
131750
131752
131753
131762
131764
131778
131779
131783
131785
131808
131809
131814
131833
131849
131858
131864
131865
131866
131868
131874
131875
131880
131896
131907
131908
131926
131933
131954
131963
131971
131974
131976
131989
131992
131994
131996
132002
132003
132013
132018
132026
132032
132043
132046
132049
132051
132053
132061
132062
132068
132072
132074
132085
132094
132097
132099
132100
132101
132102
132104
132105
132110
132120
132126
132134
132136
132149
132160
132182
132183
132191
132201
132202
132204
132206
132215
132216
132217
132227
132234
132238
132242
132256
132269
132273
132304
132309
132310
132311
132451
132452
132458
132552
132627
132628
132839
132840
132892
132893
132930
132961
132962
132967
133044
133088
133261
133573
133617
133675
133696
133750
133753
133798
134258
134287
134395
134406
134423
134437
134549
134701
134715
134811
134814
135060
135210
135339
135361
135366
135439
135455
135484
135700
135819
135825
135834
135844
135891
135892
135911
135912
135938
135942
135974
136017
136041
136042
136043
136058
136113
136127
136285
136335
136353
136390
136518
136523
136527
136532
136539
136545
136561
136587
136591
136610
136655
136664
136665
136667
136672
136723
136735
136751
136820
136828
136830
136855
136856
136858
136863
136864
136867
136870
136872
136876
136877
136879
136885
136888
136889
136890
136891
136892
136899
136905
136908
136910
136912
136915
136917
136918
136921
136922
136923
136924
136925
136927
136928
136930
136932
136952
136954
136957
136977
136988
136995
136996
137002
137014
137016
137024
137027
137029
137030
137035
137038
137039
137040
137041
137042
137043
137044
137045
137046
137047
137049
137051
137057
137080
137081
137086
137095
137097
137106
137108
137119
137145
137321
137422
137644
137652
137658
137659
137660
137663
137665
137667
137670
137672
137673
137674
137676
137681
137688
137733
137739
137740
137777
137778
137791
137799
137803
137822
137826
137869
137877
137899
137918
137920
137923
137930
137933
137934
137952
137953
137954
137964
137970
137971
137972
137973
137975
137976
137977
137978
137979
138039
138046
138047
138048
138051
138061
138062
138064
138068
138070
138081
138087
138191
138270
138296
138370
138377
138417
138419
138428
138436
138438
138446
138447
138448
138475
138487
138527
138543
138545
138617
138623
138624
138626
138627
138629
138630
138631
138667
138669
138675
138689
138692
138702
138834
138846
138857
138860
138874
138922
138972
138973
138974
138975
138978
138980
138982
138983
138989
139013
139042
139043
139049
139051
139052
139053
139055
139063
139066
139069
139090
139092
139093
139100
139112
139123
139175
139180
139204
139209
139222
139232
139238
139239
139242
139244
139249
139251
139262
139266
139268
139299
139301
139302
139315
139321
139341
139369
139440
139467
139495
139496
139498
139503
139507
139516
139530
139536
139601
139602
139604
139615
139617
139659
139676
139727
139750
139755
139818
139823
139895
139912
139943
139946
139948
139950
139953
140043
140044
140055
140056
140058
140100
140101
140102
140105
140138
140168
140200
140215
140226
140321
140344
140346
140349
140354
140373
140395
140404
140406
140407
140408
140409
140410
140417
140418
140419
140422
140423
140424
140427
140459
140463
140507
140538
140549
140593
140594
140619
140688
140691
140908
140946
141019
141112
141200
141201
141216
141281
141377
141411
141457
141482
141494
141495
141523
141524
141646
141653
141894
141973
141990
142035
142072
142074
142085
142090
142091
142095
142096
142134
142137
142140
142141
142170
142171
142172
142208
142267
142324
142463
142500
142504
142556
142591
142797
142865
142992
143001
143031
143035
143051
143092
143193
143288
143361
143364
143368
143375
143393
143417
143460
143516
143564
143574
143716
143731
143787
143794
143898
144087
144088
144100
144130
144158
144235
144312
144315
144368
144369
144380
144677
144678
144682
144687
144690
144708
144710
144721
144738
144748
144811
144884
144995
144998
145007
145022
145036
145037
145100
145313
145367
145439
145528
145530
145542
145543
145544
145545
145546
145548
145612
145632
145654
145733
145753
145797
145824
145900
145911
145912
145918
145924
145949
145959
145964
145992
146029
146083
146123
146141
146189
146210
146213
146215
146232
146233
146236
146258
146272
146290
146294
146295
146296
146299
146306
146307
146324
146327
146331
146362
146375
146378
146388
146389
146404
146405
146414
146422
146438
146440
146441
146443
146445
146446
146451
146455
146456
146457
146459
146461
146465
146472
146474
146480
146482
146483
146486
146488
146489
146490
146492
146493
146496
146497
146498
146501
146503
146504
146505
146506
146507
146508
146509
146539
146543
146547
146548
146550
146552
146554
146555
146556
146557
146558
146559
146562
146563
146565
146566
146567
146569
146570
146573
146575
146576
146582
146583
146584
146585
146586
146587
146589
146591
146592
146598
146601
146604
146610
146620
146621
146622
146624
146625
146630
146633
146634
146635
146636
146637
146638
146640
146641
146642
146645
146659
146660
146663
146665
146666
146667
146669
146670
146673
146687
146692
146696
146698
146699
146700
146702
146703
146704
146705
146706
146707
146708
146709
146710
146711
146712
146714
146717
146718
146719
146720
146726
146727
146729
146731
146732
146733
146735
146737
146738
146739
146740
146741
146743
146744
146745
146749
146751
146752
146753
146754
146755
146756
146757
146758
146759
146760
146761
146762
146763
146764
146765
146766
146767
146769
146770
146771
146772
146773
146774
146775
146776
146781
146785
146787
146788
146790
146794
146795
146796
146800
146807
146810
146813
146815
146816
146819
146820
146824
146825
146827
146829
146830
146831
146832
146833
146856
146888
146905
146919
146946
146947
146949
146950
146952
147007
147010
147011
147014
147022
147033
147034
147041
147048
147058
147067
147092
147094
147096
147097
147099
147103
147105
147107
147123
147134
147149
147154
147155
147177
147186
147224
147229
147239
147243
147244
147245
147248
147250
147255
147258
147260
147263
147264
147265
147286
147288
147295
147302
147313
147318
147322
147324
147328
147329
147331
147332
147338
147350
147354
147363
147364
147371
147391
147395
147401
147404
147406
147408
147410
147412
147423
147424
147431
147432
147435
147436
147437
147439
147459
147460
147462
147504
147518
147519
147529
147538
147548
147631
147664
147670
147675
147685
147720
147722
147724
147734
147741
147761
147788
147790
147809
147822
147831
147839
147846
147871
147879
147913
147936
147945
147951
147955
147967
147986
147994
148041
148065
148098
148100
148101
148104
148154
148165
148210
148213
148345
148360
148369
148373
148376
148392
148397
148400
148422
148437
148446
148450
148453
148456
148461
148469
148472
148478
148534
148538
148590
148594
148627
148631
148639
148640
148648
148707
148732
148733
148734
148737
148742
148744
148746
148747
148749
148752
148753
148755
148757
148758
148759
148760
148761
148762
148763
148772
148778
148780
148782
148783
148784
148785
148788
148790
148792
148796
148797
148798
148799
148812
148813
148814
148816
148820
148821
148822
148823
148824
148826
148828
148829
148830
148831
148833
148834
148835
148837
148840
148841
148842
148843
148844
148845
148847
148850
148852
148856
148857
148858
148860
148861
148863
148864
148865
148867
148870
148879
148882
148889
148915
148918
148921
148922
148926
148928
148929
148933
148936
148938
148939
148940
148941
148943
148947
148952
148953
148959
148961
148962
148974
148979
148986
148989
148994
148996
148998
149000
149003
149007
149010
149011
149013
149014
149017
149020
149021
149024
149026
149027
149028
149033
149036
149037
149038
149040
149041
149042
149043
149044
149046
149047
149048
149049
149054
149055
149056
149058
149059
149060
149062
149063
149064
149065
149067
149069
149072
149073
149074
149076
149077
149081
149082
149083
149084
149087
149088
149090
149092
149095
149096
149097
149099
149100
149102
149104
149108
149112
149115
149117
149118
149121
149122
149123
149131
149134
149135
149136
149137
149138
149139
149140
149141
149143
149144
149149
149150
149151
149152
149153
149155
149182
149184
149186
149188
149191
149195
149196
149197
149200
149203
149208
149217
149218
149219
149220
149221
149222
149224
149227
149229
149234
149236
149237
149238
149239
149240
149242
149243
149246
149247
149248
149249
149252
149253
149254
149256
149257
149258
149259
149260
149261
149262
149263
149264
149268
149269
149270
149271
149272
149274
149275
149277
149278
149279
149280
149281
149282
149284
149290
149294
149296
149297
149298
149299
149300
149303
149311
149313
149315
149317
149318
149323
149326
149327
149329
149331
149333
149336
149348
149350
149356
149361
149364
149369
149374
149388
149395
149404
149408
149409
149412
149418
149419
149420
149422
149426
149438
149510
149530
149539
149542
149546
149547
149552
149559
149564
149565
149575
149580
149585
149590
149594
149600
149604
149611
149612
149613
149616
149618
149619
149622
149624
149626
149635
149639
149649
149660
149663
149665
149666
149669
149671
149673
149676
149677
149678
149679
149683
149689
149690
149693
149694
149697
149699
149701
149705
149707
149725
149738
149749
149774
149775
149777
149781
149793
149802
149803
149807
149809
149812
149819
149836
149842
149843
149863
149876
149879
149895
149909
149963
149984
149990
150057
150077
150081
150136
150139
150140
150142
150145
150149
150151
150159
150162
150165
150168
150173
150175
150185
150187
150205
150242
150257
150273
150289
150303
150304
150321
150343
150371
150373
150375
150377
150379
150394
150427
150428
150429
150430
150431
150432
150435
150436
150437
150438
150563
150595
150597
150598
150603
150613
150629
150633
150640
150645
150648
150649
150652
150655
150657
150717
150722
150723
150753
150767
150768
150771
150788
150789
150793
150794
150795
150797
150799
150800
150801
150802
150803
150806
150808
150810
150811
150816
150819
150823
150824
150825
150828
150830
150832
150840
150842
150845
150847
150848
150850
150852
150857
150858
150859
150862
150863
150865
150867
150870
150873
150882
150883
150885
150888
150889
150890
150893
150894
150897
150905
150907
150908
150910
150912
150913
150915
150916
150918
150934
150935
150937
150946
150952
150954
150956
150957
150961
150962
150963
150964
150966
150970
150971
150981
150985
150986
150987
150994
150998
150999
151000
151001
151002
151004
151007
151008
151013
151014
151015
151017
151025
151030
151031
151033
151034
151035
151039
151041
151046
151048
151049
151051
151057
151066
151067
151069
151070
151073
151075
151076
151080
151081
151083
151087
151088
151089
151090
151101
151104
151105
151106
151107
151108
151109
151112
151127
151129
151130
151132
151134
151138
151141
151142
151144
151148
151149
151150
151151
151154
151167
151181
151182
151183
151185
151190
151197
151198
151199
151200
151201
151202
151204
151205
151207
151208
151210
151212
151214
151216
151217
151219
151223
151224
151226
151230
151231
151235
151236
151237
151238
151239
151243
151247
151249
151250
151251
151252
151253
151254
151255
151258
151259
151260
151262
151263
151264
151266
151268
151269
151274
151275
151278
151279
151280
151286
151287
151288
151289
151322
151324
151328
151331
151332
151334
151335
151336
151337
151341
151343
151345
151359
151363
151364
151365
151366
151372
151374
151378
151379
151382
151386
151430
151444
151445
151463
151492
151493
151494
151502
151505
151513
151541
151544
151545
151636
151643
151646
151660
151666
151674
151675
151676
151679
151690
151696
151697
151711
151713
151723
151724
151725
151729
151730
151736
151737
151739
151745
151747
151752
151753
151762
151790
151792
151795
151800
151821
151824
151842
151844
151845
151849
151854
151859
151863
151871
151872
151920
151922
151929
151930
151933
151937
151950
151955
151956
151965
151966
151969
151972
151977
151980
151983
151992
151999
152004
152007
152010
152036
152037
152039
152040
152044
152052
152053
152056
152082
152086
152087
152152
152166
152190
152192
152338
152363
152417
152433
152470
152475
152481
152491
152495
152502
152599
152747
152770
152843
152844
152901
152902
152904
152922
152923
152924
152925
152929
152930
152931
152940
152944
153015
153066
153162
153204
153226
153257
153262
153263
153268
153357
153449
153454
153469
153479
153636
153637
153638
153646
153647
153650
153828
153883
153884
153886
153888
153929
153935
153936
153941
153945
153947
153966
153988
154002
154062
154208
154235
154252
154255
154278
154286
154287
154288
154290
154291
154293
154294
154295
154296
154297
154299
154301
154302
154304
154305
154306
154308
154310
154311
154316
154318
154319
154320
154321
154324
154325
154326
154327
154330
154352
154354
154356
154357
154358
154383
154387
154394
154419
154420
154421
154446
154468
154475
154476
154496
154500
154627
154655
154656
154657
154661
154662
154663
154664
154672
154683
154691
154692
154694
154695
154697
154704
154709
154712
154715
154717
154720
154721
154732
154733
154734
154737
154739
154741
154742
154749
154755
154758
154762
154763
154769
154902
154903
154921
154926
154978
154987
154988
155025
155027
155038
155041
155059
155063
155073
155106
155112
155113
155115
155116
155117
155118
155119
155123
155151
155153
155157
155164
155169
155184
155187
155200
155202
155204
155237
155241
155242
155357
155442
155445
155446
155525
155560
155592
155617
155666
155678
155679
155691
155707
155740
155741
155766
155890
155898
155899
155905
155906
155921
155935
155989
156051
156054
156059
156069
156072
156073
156085
156086
156095
156132
156135
156155
156206
156211
156216
156217
156228
156235
156251
156259
156274
156275
156287
156345
156358
156375
156376
156392
156408
156478
156479
156491
156497
156501
156512
156520
156523
156578
156583
156589
156604
156633
156649
156657
156674
156686
156688
156698
156707
156708
156710
156801
156802
156812
156813
156820
156823
156840
156841
156852
156855
156856
156863
156870
156880
156881
156901
156902
156904
156918
156936
157086
157116
157235
157236
157272
157280
157282
157381
157382
157388
157392
157395
157408
157412
157414
157433
157463
157513
157515
157524
157531
157534
157545
157546
157555
157562
157563
157564
157671
157682
157685
157693
157705
157706
157707
157719
157720
157721
157731
157758
157826
157847
157989
157993
158068
158069
158190
158193
158410
158412
158422
158604
158677
158678
158776
158819
158826
159035
159165
159167
159168
159169
159180
159206
159207
159208
159210
159211
159213
159225
159226
159227
159228
159230
159231
159283
159286
159287
159288
159290
159291
159292
159293
159295
159299
159303
159305
159306
159318
159323
159325
159326
159327
159330
159333
159439
159440
159441
159442
159443
159483
159666
159669
159878
159879
159900
159915
160052
160185
160198
160274
160326
160391
160550
160625
160639
160706
160833
160951
161065
161068
161069
161070
161074
161077
161095
161165
161181
161296
161361
161368
161459
161492
161506
162025
162124
162382
162411
162536
162544
162568
162583
162718
162743
162770
162814
162852
162855
162902
162925
162951
162972
163132
163230
163293
163483
163488
163531
163713
163857
163902
163963
163970
164068
164083
164091
164162
164201
164216
164413
164417
164438
164445
164557
164572
164728
164787
164869
164937
164945
165090
165143
165544
165582
165594
165626
165705
165723
165727
165765
165775
165947
166154
166454
167161
167440
167490
167809
167813
167901
167902
168056
168067
168126
168129
168178
168180
168184
168185
168186
168187
168188
168189
168230
168280
168516
168520
168521
168536
168583
168617
168710
168718
168735
168756
168758
168763
168819
168911
168912
168926
168927
168946
168987
168996
169000
169001
169002
169010
169015
169020
169030
169036
169038
169048
169061
169069
169070
169266
169299
169300
169306
169333
169334
169345
169347
169350
169352
169355
169357
169358
169372
169394
169431
169451
169515
169548
169601
169603
169605
169607
169608
169609
169612
169626
169681
169705
169713
169753
169766
169784
169824
169831
169854
169880
170003
170011
170054
170196
170236
170247
170264
170317
170386
170392
170486
170493
170672
170673
170716
170810
170812
170828
170832
170854
171098
171101
171203
171266
171316
171454
171455
171457
171465
171482
171488
171521
171579
171840
171841
171877
171954
171992
172000
172099
172103
172140
172142
172144
172147
172165
172282
172284
172308
172376
172377
172395
172428
172431
172433
172533
172549
172619
172722
172779
172786
172791
172805
172823
172826
172973
172979
173006
173032
173056
173067
173073
173152
173530
173822
173880
173946
173949
174009
174102
174140
174270
174557
174740
174741
174743
174744
174746
174747
174775
174921
174939
175399
175675
175921
176032
176319
176324
176330
176414
176425
176564
176576
176583
176584
176589
176592
176606
176616
176630
176679
176680
176810
176917
177018
177024
177026
177069
177071
177072
177075
177078
177103
177111
177136
177149
177153
177170
177183
177185
177186
177203
177209
177213
177219
177226
177259
177269
177356
177359
177360
177380
177381
177393
177394
177402
177411
177423
177433
177443
177472
177514
177517
177518
177531
177534
177554
177556
177577
177578
177584
177589
177600
177607
177612
177616
177622
177626
177631
177633
177638
177643
177645
177646
177648
177652
177656
177659
177703
177706
177710
177712
177728
177732
177746
177768
177782
177791
177798
177891
177924
177943
177951
177952
177972
177978
177984
177988
177989
177991
177999
178092
178099
178102
178105
178106
178109
178110
178180
178184
178187
178193
178201
178205
178206
178215
178216
178217
178221
178229
178230
178595
178605
178680
178824
178991
179225
179226
179278
179296
179618
179681
179784
180185
180189
180209
180365
181438
183793
183885
184055
184376
184835
185272
185867
185868
185869
186168
186405
186542
187060
187099
187101
187715
187716
187734
187738
187739
187768
188179
188882
189042
189343
189425
189804
189811
189846
189914
190070
190086
190163
190168
190220
190321
190438
190492
190542
190686
191060
192527
192528
192553
192568
192668
192775
193057
193070
193145
193150
193385
193849
193886
193980
194289
194303
194304
194305
194387
194581
194602
194638
194690
194707
194722
194724
194909
194918
194935
194937
194971
195035
195097
195105
195126
195157
195225
195245
195287
195297
195302
195331
195491
195494
195589
195590
195591
195701
195702
195733
195759
196034
196092
196112
196124
196133
196136
196213
196262
196270
196273
196275
196277
196300
196324
196327
196328
196339
196343
196359
196360
196364
196442
196443
196488
196505
196525
196554
196642
196649
196672
196696
196772
196814
196815
196886
196903
196931
196933
196940
197071
197074
197075
197111
197116
197136
197137
197156
197220
197306
197479
197649
197697
197709
197714
197719
197720
197729
197733
197738
197749
197758
197760
197761
197812
197825
197828
198008
198183
198258
198319
198345
198521
198608
198775
198888
199010
199072
199079
199087
199107
199132
199353
199476
199663
199669
199670
199933
199934
200014
200044
200273
200369
200373
200400
200433
200464
200489
200519
200528
200567
200654
200659
200660
200923
201038
201248
201250
201268
201388
201466
201495
201626
201746
201799
201981
202052
202054
202132
202232
202413
202515
202689
202917
202918
202971
203080
203103
203186
203197
203205
203222
203251
203252
203267
203300
203387
203396
203473
203611
203768
203848
203869
203926
204038
204089
204192
204258
204316
204415
204418
204658
204758
204990
205069
205363
205381
205386
205750
205938
206027
206029
206221
206222
206233
206253
206299
206454
206587
206635
206771
206772
206841
206865
206955
206996
207027
207046
207177
207208
207254
207462
207475
207567
207689
207721
207846
207945
207953
207995
208138
208167
208190
208229
208330
208353
208355
208505
208514
208722
208767
209075
209137
209150
209246
209438
209825
209908
210119
210157
210261
210364
210521
210858
210985
211050
211071
211072
211353
211381
211498
211543
211769
211865
211968
211989
212091
212096
212353
212459
212617
212669
212682
212687
212692
212940
213018
213110
213150
213197
213220
213263
213269
213271
213278
213418
213447
213451
213457
213468
213521
213522
213524
213530
213531
213532
213542
213544
213549
213551
213554
213595
213604
213605
213669
213679
213680
213763
213781
213783
213785
213786
213932
213937
213961
213967
214013
214179
214370
214468
214476
214858
215003
215411
215978
216116
216140
216151
216256
216647
216684
216921
216922
217290
217579
218019
218148
218225
218241
218361
218582
218694
218780
218982
219187
219477
219816
219894
219903
219947
220097
220536
220953
221264
221656
221725
221729
221731
221735
221736
221739
221740
221741
221742
221743
221744
221759
221760
221762
221763
221764
221771
221772
221773
221774
221776
221777
221778
221780
221781
221786
221790
221791
221796
221800
221802
221803
221807
221809
221811
221815
221817
221820
221822
221823
221824
221825
221826
221827
221834
221854
221856
221857
221861
221864
221865
221870
221871
221874
221877
221878
221882
221886
221887
221907
221908
222656
222670
223203
223338
223624
223625
223828
223829
224110
224272
224294
224295
224296
224620
224662
224974
225111
225345
225346
225524
225559
225576
225662
225700
225748
225967
227208
227284
227384
227398
227476
227638
227851
228170
228172
228173
228177
228178
228285
228537
228665
228760
229141
229375
229463
229532
229667
229716
229749
229886
229997
230207
230223
230406
230605
230826
230931
230970
230975
230985
230986
230989
231035
231045
231053
231326
231327
231333
231398
231399
231400
231415
231599
231836
231871
231952
232397
232401
232525
232537
232538
232540
232543
232553
232555
232556
232557
232558
232562
232563
232564
232718
232720
232736
232834
232954
233049
233204
233267
233299
233452
233565
233700
233701
233725
233844
234742
235303
235304
235370
235468
235474
235552
235651
235768
235796
236211
236213
236694
236745
236747
236748
236804
237150
237255
238194
238273
238274
238275
238276
238277
238278
238279
238325
238326
238349
238350
239108
239143
239144
239243
239381
239388
239389
239544
239545
239697
239910
239912
241063
241080
241081
241083
241209
241210
241590
241615
242647
1148
8119
11423
11486
11523
11836
11917
12104
12299
12408
12844
13438
14019
14233
21482
21617
27298
27415
27724
27786
27857
28098
54342
57808
57885
61453
71495
72025
72026
72027
72028
72030
72129
72517
74744
74959
74962
74965
74968
74969
74974
74976
74979
75172
75494
75565
75572
75612
75688
75707
75801
75812
75871
75950
76032
76055
76366
76402
76403
76406
76469
76471
76793
76794
76969
76970
77009
77014
77016
77058
77064
77065
77066
77067
77068
77070
77086
77087
77088
77107
77119
77158
77204
77205
77206
77207
77208
77209
77211
77212
77215
77223
77224
77225
77236
77237
77240
77242
77246
77248
77249
77251
77254
77255
77256
77257
77265
77266
77267
77268
77270
77271
77272
77274
77277
77278
77279
77280
77281
77290
77291
77292
77299
77301
77305
77306
77318
77320
77322
77323
77462
77489
77490
77491
78307
79330
79618
80138
80252
80321
80336
80406
80410
80411
80414
80416
80417
80430
80433
80446
80503
80505
80507
80508
80516
80517
80518
80519
80520
80521
80523
80524
80525
80526
80527
80528
80529
80530
80531
80532
80533
80534
80535
80536
80537
80538
80539
80540
80541
80542
80543
80544
80545
80546
80547
80548
80549
80550
80551
80552
80553
80555
80557
80558
80559
80560
80561
80562
80563
80564
80566
80567
80568
80569
80571
80572
80573
80574
80575
80576
80577
80578
80579
80580
80581
80582
80583
80584
80585
80586
80587
80588
80589
80590
80591
80592
80593
80594
80595
80596
80598
80599
80600
80601
80602
80603
80604
80605
80606
80607
80608
80609
80610
80611
80612
80613
80614
80615
80616
80617
80618
80619
80620
80623
80624
80626
80630
80633
80634
80636
80637
80638
80642
80655
80656
80659
80660
80670
80672
80673
80675
80677
80678
80680
80681
80683
80684
80685
80686
80689
80690
80695
80699
80700
80702
80703
80704
80707
80710
80717
80718
80726
80728
80734
80735
80736
80737
80743
80744
80745
80746
80747
80748
80749
80751
80752
80753
80761
80763
80764
80768
80771
80773
80774
80776
80779
80780
80781
80782
80783
80784
80785
80786
80787
80801
80803
80809
80811
80820
80833
80834
80835
80836
80837
80838
80839
80840
80842
80843
80845
80847
80848
80851
80853
80854
80855
80856
80857
80858
80859
80860
80861
80862
80863
80864
80865
80868
80869
80871
80872
80873
80877
80878
80879
80880
80881
80882
80884
80885
80886
80887
80888
80889
80896
80907
80908
80909
80911
80912
80913
80915
80919
80925
80927
80928
80931
80932
80934
80964
80966
80972
80973
90949
90974
91006
91007
91008
91103
91105
91106
91108
91109
91110
91111
91113
91114
91116
91117
92114
92116
92122
92136
92153
92184
92196
92231
92259
92269
92270
92271
92296
95157
97683
98456
98465
98776
98777
98860
98863
98864
98866
98871
98886
98887
98888
98915
98918
98927
98934
98961
98970
98972
99002
99089
99135
99136
99138
99139
99177
99178
99179
99184
99185
99195
99197
99205
99209
99213
99221
99234
99236
99237
99238
99240
99241
99242
99243
99244
99246
99570
99622
104815
107125
116214
116352
116353
116354
116355
116356
116357
116358
117028
117029
117030
117183
117184
117187
122316
122734
123020
125674
125730
125731
128110
136893
137653
142684
142688
144367
144375
147698
148190
148487
148810
148954
148957
149335
150265
151065
151321
152084
152364
153434
155325
158328
158567
158573
163045
164200
170638
179156
195031
195292
201992
201994
204751
212249
213070
